Latitude,Longitude
24.788712,120.981456
24.788134,120.982993
24.787793,120.983755
24.787579,120.98471
24.787433,120.985658
24.78718,120.986527
24.786634,120.9876
24.785992,120.988608
24.785466,120.989456
24.785032,120.990227
24.785032,120.991043
24.785032,120.991901
24.784385,120.991842
24.783314,120.991832
24.781994,120.99194
24.780855,120.992154
24.780641,120.992151
24.780612,120.991657
24.780671,120.990155
24.780622,120.989383
24.780344,120.989114
24.779857,120.988856
24.778903,120.987818
24.777881,120.986814
24.77715,120.985988
24.776377,120.985191
24.776016,120.984644
24.775588,120.985138
24.775334,120.985256
