Latitude,Longitude
24.785515,121.007341
24.785608,121.007169
24.785706,121.007069
24.785762,121.007029
24.785964,121.007051
24.786232,121.007088
24.786353,121.006986
24.786495,121.006804
24.786612,121.00656
24.786665,121.00635
24.786846,121.005804
24.78697,121.005437
24.787094,121.005115
24.787153,121.004667
24.787194,121.004337
24.787301,121.00404
24.787298,121.003706
24.787386,121.003169
24.787498,121.002955
24.787678,121.002728
24.787873,121.002438
24.7881,121.002148
24.788333,121.001878
24.788574,121.001626
24.7888,121.00139
24.789051,121.001051
24.789292,121.000681
24.789378,121.000479
24.789385,121.000002
24.789475,120.999616
24.789659,120.999184
24.789885,120.998492
24.790049,120.998079
24.79021,120.997997
24.790531,120.998179
24.790536,120.998297
24.790429,120.998705
24.790307,120.999097
24.790249,120.999429
24.790195,120.999875
24.790185,121.00018
24.790127,121.001099
24.790171,121.001416
24.790565,121.001962
24.790867,121.002397
24.791412,121.003234
24.791609,121.003523
