Latitude,Longitude
24.795465,120.98043
24.795733,120.980229
24.796028,120.979988
24.796322,120.979742
24.796917,120.979263
24.797547,120.978739
24.798233,120.978145
24.798666,120.977802
24.799395,120.977242
24.799518,120.977173
24.799603,120.977057
24.799642,120.976845
24.799644,120.976649
24.79965,120.976393
24.799676,120.976156
24.799731,120.975977
24.799803,120.975867
24.799886,120.975792
24.800089,120.975673
24.800263,120.97564
24.800413,120.975682
24.800547,120.97577
24.800615,120.975838
24.80071,120.975926
24.800791,120.976077
24.800987,120.976429
24.801226,120.976826
24.80134,120.977008
24.801686,120.976732
24.801894,120.976593
