Latitude,Longitude
24.794465,121.01985
24.794239,121.020674
24.79354,121.020834
24.792878,121.021178
24.792255,121.021349
24.791709,121.021585
24.791086,121.021929
24.790716,121.021929
24.790599,121.022551
24.790638,121.023216
24.790404,121.023667
24.790034,121.023924
24.789547,121.024311
24.789313,121.024504
24.789079,121.024611
24.788592,121.024504
24.788125,121.024353
24.78756,121.024396
24.78717,121.024547
24.786761,121.024783
24.786508,121.024997
24.786255,121.025104
24.78606,121.024783
24.786001,121.024203
24.785846,121.023667
24.785768,121.023409
24.785631,121.023216
24.785417,121.023087
24.785086,121.02313
24.784872,121.023345
24.784755,121.023989
24.784492,121.024557
24.7842,121.025137
24.784044,121.025415
24.783888,121.025802
24.783615,121.026081
24.783303,121.026381
24.783089,121.027132
24.782894,121.027433
24.782505,121.027454
24.782193,121.027325
24.781901,121.027218
24.781608,121.027111
24.781443,121.027036
24.781258,121.026977
24.781073,121.026853
24.780902,121.0267
24.780812,121.026608
