Latitude,Longitude
24.758904,120.967417
24.758923,120.966795
24.758962,120.966108
24.758962,120.964413
24.758631,120.962139
24.758047,120.959971
24.757365,120.957697
24.75791,120.957161
24.759995,120.958341
24.760268,120.959456
24.760647,120.959923
24.760794,120.960615
24.761749,120.961516
24.762445,120.961457
24.762981,120.961854
24.76338,120.962272
24.763981,120.962727
24.764292,120.963189
24.765189,120.963564
24.76609,120.963301
24.766713,120.963333
24.767444,120.963172
24.768136,120.963269
24.768525,120.963655
24.769088,120.964344
24.769166,120.96487
24.769229,120.965251
24.769366,120.966007
24.769541,120.966399
24.769896,120.966131
24.770329,120.965836
24.770767,120.965573
24.77125,120.965659
24.77177,120.965696
24.772208,120.965851
24.773056,120.966254
24.773806,120.966484
24.774615,120.966887
24.775129,120.967136
24.775908,120.967222
24.776712,120.96734
24.777456,120.967211
24.777924,120.967136
24.778562,120.967061
24.778995,120.967243
24.779458,120.967495
24.779784,120.967683
24.780039,120.96757
24.780236,120.96727
24.780512,120.96705
24.780777,120.966918
24.781257,120.966774
24.781687,120.966843
24.782004,120.96688
24.782346,120.966961
24.782629,120.967138
24.782982,120.967312
24.783505,120.967499
24.783907,120.967539
24.784379,120.967512
24.784798,120.967499
24.785207,120.967518
24.785688,120.967574
24.786102,120.967654
24.786496,120.967668
24.786893,120.967515
24.787468,120.967332
24.787823,120.967187
24.788345,120.966915
24.788803,120.966628
24.789145,120.966243
24.789559,120.965844
24.79036,120.965071
24.791458,120.963987
24.791865,120.963313
24.792182,120.962827
24.792415,120.962772
24.792807,120.962731
24.793068,120.962776
24.793161,120.962827
