Latitude,Longitude
24.76824,120.988505
24.76822,120.988044
24.768074,120.987743
24.767811,120.987464
24.767675,120.987153
24.767451,120.986735
24.767324,120.986048
24.767373,120.985254
24.767324,120.98386
24.767285,120.982915
24.76711,120.982325
24.766857,120.981671
24.766684,120.981513
24.766318,120.981261
24.765875,120.980913
24.765597,120.980677
24.765393,120.980607
24.764954,120.980639
24.764799,120.980651
24.764467,120.980608
24.764034,120.980351
24.763888,120.980211
24.763561,120.979889
24.763332,120.979493
24.763279,120.979187
24.763254,120.978687
24.76322,120.978156
24.763098,120.9777
24.763088,120.977282
24.763127,120.977062
24.763599,120.976815
24.763979,120.976928
24.76431,120.976644
24.764325,120.976354
24.764198,120.97607
24.764325,120.975603
24.764452,120.975045
24.764924,120.974621
24.765955,120.974383
24.767036,120.973611
