Latitude,Longitude
24.762317,121.03289
24.761908,121.032665
24.761743,121.032407
24.76159,121.031907
24.761434,121.031221
24.761162,121.030577
24.760616,121.030234
24.760031,121.029418
24.759525,121.029032
24.758823,121.028689
24.758473,121.028302
24.758024,121.027337
24.75783,121.026564
24.757654,121.025835
24.757412,121.024983
24.757031,121.024075
24.756836,121.023238
24.756933,121.02253
24.756699,121.021844
24.756621,121.020728
24.758278,121.020148
24.759739,121.019569
24.760947,121.019333
24.762798,121.019033
24.764084,121.018882
24.764821,121.018603
24.765425,121.018109
24.76599,121.017615
24.766419,121.017058
24.766984,121.016478
