Latitude,Longitude
24.780798,121.026568
24.78037,121.026021
24.780331,121.025559
24.780535,121.025044
24.780146,121.024905
24.779775,121.025184
24.779425,121.025645
24.779064,121.025892
24.778821,121.026589
24.778967,121.027426
24.778918,121.027834
24.778587,121.027995
24.777866,121.027641
24.777175,121.027523
24.77696,121.027888
24.776785,121.028338
24.776756,121.028789
24.776843,121.029068
24.777038,121.029336
24.777145,121.029669
24.776824,121.029722
24.776571,121.029733
24.7762,121.029604
24.7751,121.029003
24.774603,121.028767
24.773979,121.028467
24.773424,121.028177
24.773044,121.028295
24.772849,121.028778
24.772908,121.029079
24.772684,121.029712
24.772431,121.030044
24.772177,121.030269
24.771783,121.030319
24.77152,121.030191
24.771325,121.029997
24.771179,121.029708
24.771218,121.029504
24.771052,121.029343
24.770828,121.029268
24.770623,121.029364
24.770513,121.029394
24.770347,121.029362
24.770075,121.029426
24.769802,121.029469
24.769558,121.029469
24.769393,121.029383
24.769159,121.029233
24.768968,121.029189
24.768666,121.029275
24.768345,121.029468
24.768033,121.029683
24.767731,121.029736
24.767331,121.029726
24.767018,121.029736
24.766638,121.029822
24.766433,121.029922
24.766219,121.030126
24.766073,121.03033
24.765868,121.030684
24.765761,121.031016
24.765742,121.031295
24.765683,121.031478
24.76543,121.031735
24.765206,121.032121
24.765069,121.032701
24.764826,121.033076
24.764465,121.033334
24.763978,121.033484
24.763634,121.033514
24.763273,121.033374
24.763176,121.033203
24.762923,121.033031
24.762494,121.032967
24.762338,121.032902
